5.000000000000000104e-03 1.718881084753491606e-01
1.500500500500500517e-02 2.831286531477156809e-01
2.501001001001000937e-02 3.534541242820647966e-01
3.501501501501501357e-02 3.748870190130656477e-01
4.502002002002001430e-02 3.457134198042073892e-01
5.502502502502502196e-02 2.706274246745314360e-01
6.503003003003002269e-02 1.600657391555947717e-01
7.503503503503503036e-02 2.883067956957966263e-02
8.504004004004003803e-02 -1.058130401331231346e-01
9.504504504504504570e-02 -2.263205658435427647e-01
1.050500500500500534e-01 -3.170515628637033401e-01
1.150550550550550472e-01 -3.661862598026869309e-01
1.250600600600600409e-01 -3.671409020662793621e-01
1.350650650650650486e-01 -3.193173452149162816e-01
1.450700700700700563e-01 -2.281068987286909155e-01
1.550750750750750639e-01 -1.041615860360369933e-01
1.650800800800800716e-01 3.796487868618563660e-02
1.750850850850850793e-01 1.816296363032497974e-01
1.850900900900900869e-01 3.101388364080130966e-01
1.950950950950950946e-01 4.087611714202802338e-01
2.051001001001001023e-01 4.664749688865827970e-01
2.151051051051050822e-01 4.772442623955448493e-01
2.251101101101100899e-01 4.406800601710048615e-01
2.351151151151150975e-01 3.620194541117026099e-01
2.451201201201201052e-01 2.514377192911202430e-01
2.551251251251250851e-01 1.227871838089888701e-01
2.651301301301300928e-01 -8.077783517910264860e-03
2.751351351351351004e-01 -1.251851660198845251e-01
2.851401401401401081e-01 -2.143145469222033639e-01
2.951451451451451158e-01 -2.646334137383188345e-01
3.051501501501501235e-01 -2.699146460135595782e-01
3.151551551551551311e-01 -2.292019995384122766e-01
3.251601601601601388e-01 -1.468571471857781918e-01
3.351651651651651465e-01 -3.199453436444110038e-02
3.451701701701701541e-01 1.026195776842286772e-01
3.551751751751751618e-01 2.420679360368568900e-01
3.651801801801801695e-01 3.710045127270278353e-01
3.751851851851851771e-01 4.753984943942061170e-01
3.851901901901901848e-01 5.441024411034887098e-01
3.951951951951951925e-01 5.700712816859337950e-01
4.052002002002002001e-01 5.511019544668154246e-01
4.152052052052051523e-01 4.900201185823846450e-01
4.252102102102101600e-01 3.943037241228378176e-01
4.352152152152151676e-01 2.751960785639539497e-01
4.452202202202201753e-01 1.464164174432090182e-01
4.552252252252251830e-01 2.261797206660239035e-02
4.652302302302301906e-01 -8.223210778986322911e-02
4.752352352352351983e-01 -1.563720279095529297e-01
4.852402402402402060e-01 -1.914999721338685457e-01
4.952452452452452136e-01 -1.836327821064420163e-01
5.052502502502501658e-01 -1.334833571626572180e-01
5.152552552552551735e-01 -4.632541001388004037e-02
5.252602602602601811e-01 6.862986093382933417e-02
5.352652652652651888e-01 1.992688182191356405e-01
5.452702702702701965e-01 3.319035331407527711e-01
5.552752752752752041e-01 4.527459390727472943e-01
5.652802802802802118e-01 5.493688075933368387e-01
5.752852852852852195e-01 6.119994555219572252e-01
5.852902902902902271e-01 6.345133023552753659e-01
5.952952952952952348e-01 6.150290085026877129e-01
6.053003003003002425e-01 5.560508984035302804e-01
6.153053053053052501e-01 4.641528289991543321e-01
6.253103103103102578e-01 3.492454210969006545e-01
6.353153153153152655e-01 2.235106956284858004e-01
6.453203203203202731e-01 1.001204665225077645e-01
6.553253253253252808e-01 -8.125690158156128468e-03
6.653303303303302885e-01 -9.010204871243492064e-02
6.753353353353352961e-01 -1.374665783349718062e-01
6.853403403403403038e-01 -1.454702636474499156e-01
6.953453453453453115e-01 -1.133901426273100782e-01
7.053503503503503191e-01 -4.455004656816109743e-02
7.153553553553553268e-01 5.406469694675606480e-02
7.253603603603603345e-01 1.725518494421559856e-01
7.353653653653653421e-01 2.991146808422121550e-01
7.453703703703703498e-01 4.212551216697216772e-01
7.553753753753753575e-01 5.270162229485330085e-01
7.653803803803803651e-01 6.061505592588891655e-01
7.753853853853853728e-01 6.511014591499960646e-01
7.853903903903903805e-01 6.577049956780942619e-01
7.953953953953953881e-01 6.255501205775819695e-01
8.054004004004003958e-01 5.579690449464780322e-01
8.154054054054052925e-01 4.616664216297760026e-01
8.254104104104103001e-01 3.460304906058707108e-01
8.354154154154153078e-01 2.221988338814198383e-01
8.454204204204203155e-01 1.019730839345020651e-01
8.554254254254253231e-01 -3.310986892822244659e-03
8.654304304304303308e-01 -8.384994390853196811e-02
8.754354354354353385e-01 -1.322763365847377803e-01
8.854404404404403461e-01 -1.443179028450502221e-01
8.954454454454453538e-01 -1.191556719271351789e-01
9.054504504504503615e-01 -5.945385388281747979e-02
9.154554554554553691e-01 2.893436199317729954e-02
9.254604604604603768e-01 1.375510175688079706e-01
9.354654654654653845e-01 2.561475736614320931e-01
9.454704704704703921e-01 3.736493720222046622e-01
9.554754754754753998e-01 4.791788803810586028e-01
9.654804804804804075e-01 5.630431495022980570e-01
9.754854854854854151e-01 6.175965371717717645e-01
9.854904904904904228e-01 6.379032905188539715e-01
9.954954954954954305e-01 6.221445405878668344e-01
1.005500500500500216e+00 5.717386401886439540e-01
1.015505505505505335e+00 4.911702321621270184e-01
1.025510510510510231e+00 3.875495335792561447e-01
1.035515515515515350e+00 2.699467465880041050e-01
1.045520520520520247e+00 1.485652661365760852e-01
1.055525525525525365e+00 3.382994311844080698e-02
1.065530530530530262e+00 -6.452782637888158923e-02
1.075535535535535381e+00 -1.383082281409111769e-01
1.085540540540540277e+00 -1.815331519303638452e-01
1.095545545545545396e+00 -1.909317554554267327e-01
1.105550550550550293e+00 -1.661840466908453551e-01
1.115555555555555411e+00 -1.099068504009679120e-01
1.125560560560560308e+00 -2.738900972273696638e-02
1.135565565565565427e+00 7.389609609155854686e-02
1.145570570570570323e+00 1.849544312216285513e-01
1.155575575575575442e+00 2.960515587503079749e-01
1.165580580580580339e+00 3.975409985261414425e-01
1.175585585585585457e+00 4.806701547607266645e-01
1.185590590590590354e+00 5.382970011237836472e-01
1.195595595595595473e+00 5.654598966115910175e-01
1.205600600600600369e+00 5.597566046418165353e-01
1.215605605605605488e+00 5.215055098813278223e-01
1.225610610610610385e+00 4.536806635448014657e-01
1.235615615615615503e+00 3.616310456807503848e-01
1.245620620620620400e+00 2.526117705078918529e-01
1.255625625625625519e+00 1.351695116565127808e-01
1.265630630630630415e+00 1.843510125564553834e-02
1.275635635635635534e+00 -8.861767051694723063e-02
1.285640640640640431e+00 -1.778868908432407192e-01
1.295645645645645327e+00 -2.427745470315685050e-01
1.305650650650650446e+00 -2.786873949696864194e-01
1.315655655655655343e+00 -2.833700280491553425e-01
1.325660660660660461e+00 -2.570477353604714299e-01
1.335665665665665358e+00 -2.023722965595664280e-01
1.345670670670670477e+00 -1.241794738369629281e-01
1.355675675675675373e+00 -2.908140407279350553e-02
1.365680680680680492e+00 7.507071878161969414e-02
1.375685685685685389e+00 1.798092168301573535e-01
1.385690690690690507e+00 2.767079518404776395e-01
1.395695695695695404e+00 3.580246376324663360e-01
1.405700700700700523e+00 4.172788792721710549e-01
1.415705705705705419e+00 4.497235939838086782e-01
1.425710710710710538e+00 4.526767010468561447e-01
1.435715715715715435e+00 4.256914089320836814e-01
1.445720720720720553e+00 3.705561357868221717e-01
1.455725725725725450e+00 2.911280744935499931e-01
1.465730730730730569e+00 1.930166761983695967e-01
1.475735735735735465e+00 8.314398918324929222e-02
1.485740740740740584e+00 -3.078287944919131172e-02
1.495745745745745481e+00 -1.408464441194041405e-01
1.505750750750750599e+00 -2.394976212648581293e-01
1.515755755755755496e+00 -3.200964763364827492e-01
1.525760760760760615e+00 -3.773767436262756569e-01
1.535765765765765511e+00 -4.078025005493411959e-01
1.545770770770770630e+00 -4.097940173304637779e-01
1.555775775775775527e+00 -3.838098094597702792e-01
1.565780780780780646e+00 -3.322825270799393826e-01
1.575785785785785542e+00 -2.594167443658195737e-01
1.585790790790790661e+00 -1.708662292576634545e-01
1.595795795795795557e+00 -7.331624070450709629e-02
1.605800800800800676e+00 2.599768626012768230e-02
1.615805805805805573e+00 1.197994857525784412e-01
1.625810810810810469e+00 2.012748814566966971e-01
1.635815815815815588e+00 2.645318746726615378e-01
1.645820820820820485e+00 3.049888596948057695e-01
1.655825825825825603e+00 3.196656601303794476e-01
1.665830830830830500e+00 3.073601068228205002e-01
1.675835835835835619e+00 2.687010422862417536e-01
1.685840840840840515e+00 2.060772414602151936e-01
1.695845845845845634e+00 1.234500895603784509e-01
1.705850850850850531e+00 2.606540241319495188e-02
1.715855855855855649e+00 -7.991396196457081769e-02
1.725860860860860546e+00 -1.878284386790881055e-01
1.735865865865865665e+00 -2.909660568690677906e-01
1.745870870870870561e+00 -3.830010065596535229e-01
1.755875875875875680e+00 -4.583980251825586771e-01
1.765880880880880577e+00 -5.127572248319678394e-01
1.775885885885885696e+00 -5.430785928821881825e-01
1.785890890890890592e+00 -5.479311955184835714e-01
1.795895895895895711e+00 -5.275186756932870313e-01
1.805900900900900607e+00 -4.836395123646562988e-01
1.815905905905905726e+00 -4.195472442823797166e-01
1.825910910910910623e+00 -3.397220351804321470e-01
1.835915915915915742e+00 -2.495701983472242425e-01
1.845920920920920638e+00 -1.550723126886430214e-01
1.855925925925925757e+00 -6.240314534443090755e-02
1.865930930930930653e+00 2.245235773699739631e-02
1.875935935935935772e+00 9.406324681319530590e-02
1.885940940940940669e+00 1.478750872946319739e-01
1.895945945945945788e+00 1.804722183257468637e-01
1.905950950950950684e+00 1.897653886639388277e-01
1.915955955955955803e+00 1.750953741590358381e-01
1.925960960960960699e+00 1.372485415065737568e-01
1.935965965965965596e+00 7.838573682304325607e-02
1.945970970970970715e+00 1.891016615669967836e-03
1.955975975975975611e+00 -8.784869428362393484e-02
1.965980980980980730e+00 -1.857181878924807350e-01
1.975985985985985627e+00 -2.861852371199646305e-01
1.985990990990990746e+00 -3.836293720178844957e-01
1.995995995995995642e+00 -4.726685795570864657e-01
2.006001001001000539e+00 -5.484650734550792217e-01
2.016006006006005880e+00 -6.069930831426620932e-01
2.026011011011010776e+00 -6.452543328316112659e-01
2.036016016016015673e+00 -6.614303281754700947e-01
2.046021021021020569e+00 -6.549645115515463356e-01
2.056026026026025910e+00 -6.265715416995299991e-01
2.066031031031030807e+00 -5.781751503576820772e-01
2.076036036036035703e+00 -5.127799899417718743e-01
2.086041041041040600e+00 -4.342863987604119735e-01
2.096046046046045941e+00 -3.472598954223024004e-01
2.106051051051050838e+00 -2.566693370444294020e-01
2.116056056056055734e+00 -1.676089504776786532e-01
2.126061061061060631e+00 -8.501983700824004841e-02
2.136066066066065972e+00 -1.342607431059973482e-02
2.146071071071070868e+00 4.330074270697227556e-02
2.156076076076075765e+00 8.213666445992318099e-02
2.166081081081080661e+00 1.010509436426754448e-01
2.176086086086086002e+00 9.909562980865666004e-02
2.186091091091090899e+00 7.643602514373901147e-02
2.196096096096095796e+00 3.432205404744589905e-02
2.206101101101100692e+00 -2.499629664996197431e-02
2.216106106106106033e+00 -9.840348931214695782e-02
2.226111111111110930e+00 -1.820945204293205333e-01
2.236116116116115826e+00 -2.717823265973585145e-01
2.246121121121120723e+00 -3.629249876970723765e-01
2.256126126126125619e+00 -4.509605738924649110e-01
2.266131131131130960e+00 -5.315375002899503931e-01
2.276136136136135857e+00 -6.007288881997128183e-01
2.286141141141140753e+00 -6.552206257108134091e-01
2.296146146146145650e+00 -6.924644878534672587e-01
2.306151151151150991e+00 -7.107897131279581338e-01
2.316156156156155888e+00 -7.094687202142448967e-01
2.326161161161160784e+00 -6.887350609791899059e-01
2.336166166166165681e+00 -6.497541180448809239e-01
2.346171171171171022e+00 -5.945493478827287293e-01
2.356176176176175918e+00 -5.258889361249811101e-01
2.366181181181180815e+00 -4.471394794757249103e-01
2.376186186186185711e+00 -3.620946672728791449e-01
2.386191191191191052e+00 -2.747878568975162805e-01
2.396196196196195949e+00 -1.892978959785420190e-01
2.406201201201200846e+00 -1.095575393908163886e-01
2.416206206206205742e+00 -3.917336142520368159e-02
2.426211211211211083e+00 1.873478564210571615e-02
2.436216216216215980e+00 6.166790786340522329e-02
2.446221221221220876e+00 8.785020646876251504e-02
2.456226226226225773e+00 9.629587643422379828e-02
2.466231231231231114e+00 8.683838906121640888e-02
2.476236236236236010e+00 6.012206136558409519e-02
2.486241241241240907e+00 1.755743226115584130e-02
2.496246246246245803e+00 -3.875645621439403887e-02
2.506251251251251144e+00 -1.061384004349840426e-01
2.516256256256256041e+00 -1.814544103930236241e-01
2.526261261261260938e+00 -2.612637080358859998e-01
2.536266266266265834e+00 -3.419744352691199696e-01
2.546271271271271175e+00 -4.200019813829426463e-01
2.556276276276276072e+00 -4.919229816761612195e-01
2.566281281281280968e+00 -5.546184787498290580e-01
2.576286286286285865e+00 -6.054004421500195354e-01
2.586291291291290761e+00 -6.421167676852213013e-01
2.596296296296296102e+00 -6.632309743254864998e-01
2.606301301301300999e+00 -6.678740288095187383e-01
2.616306306306305896e+00 -6.558669985393644764e-01
2.626311311311310792e+00 -6.277145051338708370e-01
2.636316316316316133e+00 -5.845701701806038653e-01
2.646321321321321030e+00 -5.281763623940040064e-01
2.656326326326325926e+00 -4.607815295557046720e-01
2.666331331331330823e+00 -3.850391955458240534e-01
2.676336336336336164e+00 -3.038932979457108496e-01
2.686341341341341060e+00 -2.204549202816833420e-01
2.696346346346345957e+00 -1.378756299203563462e-01
2.706351351351350853e+00 -5.922257225083613075e-02
2.716356356356356194e+00 1.263979290794806781e-02
2.726361361361361091e+00 7.515687513931164354e-02
2.736366366366365988e+00 1.261762251331036422e-01
2.746371371371370884e+00 1.640217920329793966e-01
2.756376376376376225e+00 1.875478842310215610e-01
2.766381381381381122e+00 1.961714245972396853e-01
2.776386386386386018e+00 1.898819806189968040e-01
2.786391391391390915e+00 1.692299202452891005e-01
2.796396396396396256e+00 1.352938626085188056e-01
2.806401401401401152e+00 8.962933028295556881e-02
2.816406406406406049e+00 3.420114211569330598e-02
2.826411411411410946e+00 -2.869740589832469463e-02
2.836416416416416286e+00 -9.653515277086213708e-02
2.846421421421421183e+00 -1.666398314016206694e-01
2.856426426426426080e+00 -2.362972458312847801e-01
2.866431431431430976e+00 -3.028491974867916769e-01
2.876436436436436317e+00 -3.637866817061433111e-01
2.886441441441441214e+00 -4.168351844730184830e-01
2.896446446446446110e+00 -4.600293186012926472e-01
2.906451451451451007e+00 -4.917745285488493434e-01
2.916456456456455903e+00 -5.108941417565351362e-01
2.926461461461461244e+00 -5.166606291510816851e-01
2.936466466466466141e+00 -5.088105354634926414e-01
2.946471471471471038e+00 -4.875431293618999740e-01
2.956476476476475934e+00 -4.535033837126864475e-01
2.966481481481481275e+00 -4.077504094007635138e-01
2.976486486486486172e+00 -3.517129166099308146e-01
2.986491491491491068e+00 -2.871336529329381881e-01
2.996496496496495965e+00 -2.160050591315908486e-01
3.006501501501501306e+00 -1.404985852267203461e-01
3.016506506506506202e+00 -6.289021971351257956e-02
3.026511511511511099e+00 1.451519580611133897e-02
3.036516516516515996e+00 8.945836125184408738e-02
3.046521521521521336e+00 1.597962632219218360e-01
3.056526526526526233e+00 2.235671290272381040e-01
3.066531531531531130e+00 2.790477245665749506e-01
3.076536536536536026e+00 3.248014548637664367e-01
3.086541541541541367e+00 3.597160840560239548e-01
3.096546546546546264e+00 3.830302702302333384e-01
3.106551551551551160e+00 3.943484964064517539e-01
3.116556556556556057e+00 3.936443593824752729e-01
3.126561561561561398e+00 3.812525412432045124e-01
3.136566566566566294e+00 3.578501235372335554e-01
3.146571571571571191e+00 3.244282023955129546e-01
3.156576576576576088e+00 2.822550169000198061e-01
3.166581581581581428e+00 2.328320073346627772e-01
3.176586586586586325e+00 1.778443709926872396e-01
3.186591591591591222e+00 1.191077792846316624e-01
3.196596596596596118e+00 5.851296111011254630e-02
3.206601601601601459e+00 -2.030154367310293452e-03
3.216606606606606356e+00 -6.064710394518403602e-02
3.226611611611611252e+00 -1.155508406350170825e-01
3.236616616616616149e+00 -1.650895889617314816e-01
3.246621621621621046e+00 -2.077894051386142138e-01
3.256626626626626386e+00 -2.423904464524118674e-01
3.266631631631631283e+00 -2.678761769520861535e-01
3.276636636636636180e+00 -2.834949700297748620e-01
3.286641641641641076e+00 -2.887738053532996618e-01
3.296646646646646417e+00 -2.835239908613617077e-01
3.306651651651651314e+00 -2.678390637173906352e-01
3.316656656656656210e+00 -2.420852314879818334e-01
3.326661661661661107e+00 -2.068849014382688201e-01
3.336666666666666448e+00 -1.630940076970979202e-01
3.346671671671671344e+00 -1.117739800767775099e-01
3.356676676676676241e+00 -5.415930245351913142e-02
3.366681681681681138e+00 8.378318284332417903e-03
3.376686686686686478e+00 7.436810980751618061e-02
3.386691691691691375e+00 1.422796441131424505e-01
3.396696696696696272e+00 2.105624427562187706e-01
3.406701701701701168e+00 2.776847652180782777e-01
3.416706706706706509e+00 3.421706365279273410e-01
3.426711711711711406e+00 4.026342594939615882e-01
3.436716716716716302e+00 4.578110633508847283e-01
3.446721721721721199e+00 5.065847604806893445e-01
3.456726726726726540e+00 5.480099122004317147e-01
3.466731731731731436e+00 5.813296395294174079e-01
3.476736736736736333e+00 6.059882515581747064e-01
3.486741741741741230e+00 6.216386989569344657e-01
3.496746746746746570e+00 6.281448899828353527e-01
3.506751751751751467e+00 6.255790281246985662e-01
3.516756756756756364e+00 6.142142417174308866e-01
3.526761761761761260e+00 5.945128743602174914e-01
3.536766766766766157e+00 5.671108891410154840e-01
3.546771771771771498e+00 5.327989083320341379e-01
3.556776776776776394e+00 4.925004626702262911e-01
3.566781781781781291e+00 4.472480603156105405e-01
3.576786786786786188e+00 3.981577052534639449e-01
3.586791791791791528e+00 3.464024988256388937e-01
3.596796796796796425e+00 2.931859471379508197e-01
3.606801801801801322e+00 2.397155724871777860e-01
3.616806806806806218e+00 1.871773901207856861e-01
3.626811811811811559e+00 1.367117642140771583e-01
3.636816816816816456e+00 8.939110068994436664e-02
3.646821821821821352e+00 4.619977126690086311e-02
3.656826826826826249e+00 8.016594786540204645e-03
3.666831831831831590e+00 -2.439986968726848629e-02
3.676836836836836486e+00 -5.042303647445882386e-02
3.686841841841841383e+00 -6.956690472885268539e-02
3.696846846846846280e+00 -8.149152963566748398e-02
3.706851851851851620e+00 -8.600538269367462296e-02
3.716856856856856517e+00 -8.306469326531039366e-02
3.726861861861861414e+00 -7.276992077173556617e-02
3.736866866866866310e+00 -5.535955758822558997e-02
3.746871871871871651e+00 -3.120150620108452788e-02
3.756876876876876548e+00 -7.823100677999735714e-04
3.766881881881881444e+00 3.530545437657015700e-02
3.776886886886886341e+00 7.637729706667709118e-02
3.786891891891891682e+00 1.216721052844466355e-01
3.796896896896896578e+00 1.703682618839371110e-01
3.806901901901901475e+00 2.216002488741443122e-01
3.816906906906906372e+00 2.744754035853477214e-01
3.826911911911911712e+00 3.280905097499314249e-01
3.836916916916916609e+00 3.815479262144041983e-01
3.846921921921921506e+00 4.339709808994733908e-01
3.856926926926926402e+00 4.845183862367717365e-01
3.866931931931931299e+00 5.323974638157473738e-01
3.876936936936936640e+00 5.768759995557510845e-01
3.886941941941941536e+00 6.172925855792525951e-01
3.896946946946946433e+00 6.530653403392644440e-01
3.906951951951951330e+00 6.836989337311478732e-01
3.916956956956956670e+00 7.087898782380918083e-01
3.926961961961961567e+00 7.280300800288371788e-01
3.936966966966966464e+00 7.412086748273730707e-01
3.946971971971971360e+00 7.482122018664129071e-01
3.956976976976976701e+00 7.490231949587186078e-01
3.966981981981981598e+00 7.437172923925263746e-01
3.976986986986986494e+00 7.324589867788280362e-01
3.986991991991991391e+00 7.154961520252905993e-01
3.996996996996996732e+00 6.931534972333569522e-01
4.007002002002001184e+00 6.658251065286101555e-01
4.017007007007006969e+00 6.339662297187160789e-01
4.027012012012011866e+00 5.980844913625542603e-01
4.037017017017016762e+00 5.587306855103642000e-01
4.047022022022021659e+00 5.164893202612448331e-01
4.057027027027026556e+00 4.719690706363651178e-01
4.067032032032031452e+00 4.257932903654511048e-01
4.077037037037036349e+00 3.785907233295350838e-01
4.087042042042041246e+00 3.309865439049773927e-01
4.097047047047047030e+00 2.835938426269936086e-01
4.107052052052051927e+00 2.370056597483652383e-01
4.117057057057056824e+00 1.917876547161266321e-01
4.127062062062061720e+00 1.484714846197823235e-01
4.137067067067066617e+00 1.075489495555603525e-01
4.147072072072071514e+00 6.946694786030982449e-02
4.157077077077076410e+00 3.462326952999034840e-02
4.167082082082081307e+00 3.363242061304213236e-03
4.177087087087086203e+00 -2.402277037596133036e-02
4.187092092092091988e+00 -4.730102595775594748e-02
4.197097097097096885e+00 -6.629524533706315781e-02
4.207102102102101782e+00 -8.088666607746831938e-02
4.217107107107106678e+00 -9.101335364176789400e-02
4.227112112112111575e+00 -9.666881899746611329e-02
4.237117117117116472e+00 -9.789999943139501837e-02
4.247122122122121368e+00 -9.480466441558714485e-02
4.257127127127126265e+00 -8.752831235437807944e-02
4.267132132132132050e+00 -7.626062680547303352e-02
4.277137137137136946e+00 -6.123156235849672169e-02
4.287142142142141843e+00 -4.270713084028612827e-02
4.297147147147146740e+00 -2.098495797549917996e-02
4.307152152152151636e+00 3.610320848395902338e-03
4.317157157157156533e+00 3.073175938612482394e-02
4.327162162162161430e+00 6.001483065177252996e-02
4.337167167167166326e+00 9.108212880000228495e-02
4.347172172172172111e+00 1.235479874713209525e-01
4.357177177177177008e+00 1.570229639852449566e-01
4.367182182182181904e+00 1.911181437844028386e-01
4.377187187187186801e+00 2.254492247901090096e-01
4.387192192192191698e+00 2.596403467340436255e-01
4.397197197197196594e+00 2.933276359947211698e-01
4.407202202202201491e+00 3.261624419119105167e-01
4.417207207207206388e+00 3.578142459043900936e-01
4.427212212212212172e+00 3.879732299113264893e-01
4.437217217217217069e+00 4.163524956580297864e-01
4.447222222222221966e+00 4.426899309636947444e-01
4.457227227227226862e+00 4.667497237205845972e-01
4.467232232232231759e+00 4.883235282478992079e-01
4.477237237237236656e+00 5.072312924331184858e-01
4.487242242242241552e+00 5.233217574007292816e-01
4.497247247247246449e+00 5.364726443810289291e-01
4.507252252252251346e+00 5.465905459850196602e-01
4.517257257257257130e+00 5.536105412257470437e-01
4.527262262262262027e+00 5.574955553677064524e-01
4.537267267267266924e+00 5.582354870447547857e-01
4.547272272272271820e+00 5.558461260779965496e-01
4.557277277277276717e+00 5.503678860667007289e-01
4.567282282282281614e+00 5.418643761385834035e-01
4.577287287287286510e+00 5.304208362543962885e-01
4.587292292292291407e+00 5.161424601910802323e-01
4.597297297297297192e+00 4.991526298045109167e-01
4.607302302302302088e+00 4.795910834246269183e-01
4.617307307307306985e+00 4.576120402903621764e-01
4.627312312312311882e+00 4.333823018173117991e-01
4.637317317317316778e+00 4.070793492347326015e-01
4.647322322322321675e+00 3.788894557572649036e-01
4.657327327327326572e+00 3.490058299962758293e-01
4.667332332332331468e+00 3.176268057905332620e-01
4.677337337337337253e+00 2.849540920690419865e-01
4.687342342342342150e+00 2.511910947718106191e-01
4.697347347347347046e+00 2.165413212666902898e-01
4.707352352352351943e+00 1.812068761303839703e-01
4.717357357357356840e+00 1.453870556250158874e-01
4.727362362362361736e+00 1.092770467127554546e-01
4.737367367367366633e+00 7.306673502206470494e-02
4.747372372372371530e+00 3.693962482066502628e-02
4.757377377377377314e+00 1.071872771033570079e-03
4.767382382382382211e+00 -3.436856394895390632e-02
4.777387387387387108e+00 -6.922266567945367655e-02
4.787392392392392004e+00 -1.033409759918789000e-01
4.797397397397396901e+00 -1.365841175168078792e-01
4.807402402402401798e+00 -1.688232011319570625e-01
4.817407407407406694e+00 -1.999401324678088954e-01
4.827412412412411591e+00 -2.298278203036137612e-01
4.837417417417416488e+00 -2.583902919467744308e-01
4.847422422422422272e+00 -2.855427211171249202e-01
4.857427427427427169e+00 -3.112113741981402670e-01
4.867432432432432066e+00 -3.353334809740703970e-01
4.877437437437436962e+00 -3.578570361501202668e-01
4.887442442442441859e+00 -3.787405380576155944e-01
4.897447447447446756e+00 -3.979526709828690723e-01
4.907452452452451652e+00 -4.154719375331427100e-01
4.917457457457456549e+00 -4.312862473714382805e-01
4.927462462462462334e+00 -4.453924685197688249e-01
4.937467467467467230e+00 -4.577959472538861707e-01
4.947472472472472127e+00 -4.685100023969768768e-01
4.957477477477477024e+00 -4.775553995710637989e-01
4.967482482482481920e+00 -4.849598106883547532e-01
4.977487487487486817e+00 -4.907572636655286868e-01
4.987492492492491714e+00 -4.949875870269819234e-01
4.997497497497496610e+00 -4.976958537329014276e-01
5.007502502502502395e+00 -4.989318282290045592e-01
5.017507507507507292e+00 -4.987494203708189855e-01
5.027512512512512188e+00 -4.972061495301310918e-01
5.037517517517517085e+00 -4.943626218479397205e-01
5.047522522522521982e+00 -4.902820232598993355e-01
5.057527527527526878e+00 -4.850296305894046811e-01
5.067532532532531775e+00 -4.786723426824339156e-01
5.077537537537536672e+00 -4.712782332489979797e-01
5.087542542542542456e+00 -4.629161267801934487e-01
5.097547547547547353e+00 -4.536551986287772342e-01
5.107552552552552250e+00 -4.435646000759545515e-01
5.117557557557557146e+00 -4.327131089585837254e-01
5.127562562562562043e+00 -4.211688061997447274e-01
5.137567567567566940e+00 -4.089987783720611114e-01
5.147572572572571836e+00 -3.962688462274306933e-01
5.157577577577576733e+00 -3.830433189488980927e-01
5.167582582582581630e+00 -3.693847737201392811e-01
5.177587587587587414e+00 -3.553538600650934520e-01
5.187592592592592311e+00 -3.410091282842436788e-01
5.197597597597597208e+00 -3.264068812043190992e-01
5.207602602602602104e+00 -3.116010483642377982e-01
5.217607607607607001e+00 -2.966430816810418647e-01
5.227612612612611898e+00 -2.815818715747957501e-01
5.237617617617616794e+00 -2.664636824799683223e-01
5.247622622622621691e+00 -2.513321066319157970e-01
5.257627627627627476e+00 -2.362280349897940834e-01
5.267632632632632372e+00 -2.211896441407207869e-01
5.277637637637637269e+00 -2.062523980232809362e-01
5.287642642642642166e+00 -1.914490633108053008e-01
5.297647647647647062e+00 -1.768097373051464583e-01
5.307652652652651959e+00 -1.623618872092936483e-01
5.317657657657656856e+00 -1.481303996711307303e-01
5.327662662662661752e+00 -1.341376395202111271e-01
5.337667667667667537e+00 -1.204035166538239277e-01
5.347672672672672434e+00 -1.069455600671365969e-01
5.357677677677677330e+00 -9.377899806409359384e-02
5.367682682682682227e+00 -8.091684373048138590e-02
5.377687687687687124e+00 -6.836998479738921886e-02
5.387692692692692020e+00 -5.614727707179276162e-02
5.397697697697696917e+00 -4.425564066054626933e-02
5.407702702702701814e+00 -3.270015826427380423e-02
5.417707707707707598e+00 -2.148417486804272275e-02
5.427712712712712495e+00 -1.060939820593248886e-02
5.437717717717717392e+00 -7.599942627830105768e-05
5.447722722722722288e+00 1.011728656673459639e-02
5.457727727727727185e+00 1.997306157172362012e-02
5.467732732732732082e+00 2.949516577914707005e-02
5.477737737737736978e+00 3.868858107596531704e-02
5.487742742742741875e+00 4.755933630793642009e-02
5.497747747747746772e+00 5.611441480015894046e-02
5.507752752752752556e+00 6.436166439700707897e-02
5.517757757757757453e+00 7.230971024514162848e-02
5.527762762762762350e+00 7.996787050790538087e-02
5.537767767767767246e+00 8.734607516611000988e-02
5.547772772772772143e+00 9.445478802908685578e-02
5.557777777777777040e+00 1.013049320508253304e-01
5.567782782782781936e+00 1.079078180191049008e-01
5.577787787787786833e+00 1.142750766606778767e-01
5.587792792792792618e+00 1.204185941827526918e-01
5.597797797797797514e+00 1.263504512502024169e-01
5.607802802802802411e+00 1.320828653790376006e-01
5.617807807807807308e+00 1.376281367096308661e-01
5.627812812812812204e+00 1.429985971079438534e-01
5.637817817817817101e+00 1.482065625294581579e-01
5.647822822822821998e+00 1.532642885685963352e-01
5.657827827827826894e+00 1.581839291060447295e-01
5.667832832832832679e+00 1.629774979574735438e-01
5.677837837837837576e+00 1.676568334195981391e-01
5.687842842842842472e+00 1.722335656032699669e-01
5.697847847847847369e+00 1.767190864382064963e-01
5.707852852852852266e+00 1.811245222300311708e-01
5.717857857857857162e+00 1.854607086473646083e-01
5.727862862862862059e+00 1.897381680147402216e-01
5.737867867867866956e+00 1.939670887860237003e-01
5.747872872872872740e+00 1.981573070727122576e-01
5.757877877877877637e+00 2.023182901019209834e-01
5.767882882882882534e+00 2.064591214799545160e-01
5.777887887887887430e+00 2.105884881390356345e-01
5.787892892892892327e+00 2.147146688469865061e-01
5.797897897897897224e+00 2.188455241623463721e-01
5.807902902902902120e+00 2.229884877205234872e-01
5.817907907907907017e+00 2.271505587400712012e-01
5.827912912912911914e+00 2.313382956419910153e-01
5.837917917917917698e+00 2.355578106790687520e-01
5.847922922922922595e+00 2.398147654765975245e-01
5.857927927927927492e+00 2.441143673904065670e-01
5.867932932932932388e+00 2.484613665928450954e-01
5.877937937937937285e+00 2.528600538022750532e-01
5.887942942942942182e+00 2.573142585766374224e-01
5.897947947947947078e+00 2.618273480967823752e-01
5.907952952952951975e+00 2.664022263704616256e-01
5.917957957957957760e+00 2.710413337931540934e-01
5.927962962962962656e+00 2.757466470072242881e-01
5.937967967967967553e+00 2.805196790062864376e-01
5.947972972972972450e+00 2.853614794370354368e-01
5.957977977977977346e+00 2.902726350562376267e-01
5.967982982982982243e+00 2.952532703060052888e-01
5.977987987987987140e+00 3.003030479759266624e-01
5.987992992992992036e+00 3.054211699260774848e-01
5.997997997997997821e+00 3.106063778503966866e-01
6.008003003003002718e+00 3.158569540653666796e-01
6.018008008008007614e+00 3.211707223144063539e-01
6.028013013013012511e+00 3.265450485838317096e-01
6.038018018018017408e+00 3.319768419317137842e-01
6.048023023023022304e+00 3.374625553364177799e-01
6.058028028028027201e+00 3.429981865770669880e-01
6.068033033033032098e+00 3.485792791636401211e-01
6.078038038038037882e+00 3.542009233398662471e-01
6.088043043043042779e+00 3.598577571875363201e-01
6.098048048048047676e+00 3.655439678663118808e-01
6.108053053053052572e+00 3.712532930285369348e-01
6.118058058058057469e+00 3.769790224540044421e-01
6.128063063063062366e+00 3.827139999550324689e-01
6.138068068068067262e+00 3.884506256075892505e-01
6.148073073073072159e+00 3.941808583695546320e-01
6.158078078078077056e+00 3.998962191525086696e-01
6.168083083083082840e+00 4.055877944186708772e-01
6.178088088088087737e+00 4.112462403797815247e-01
6.188093093093092634e+00 4.168617878797840626e-01
6.198098098098097530e+00 4.224242480481056883e-01
6.208103103103102427e+00 4.279230188151577630e-01
6.218108108108107324e+00 4.333470923863045887e-01
6.228113113113112220e+00 4.386850637749987181e-01
6.238118118118117117e+00 4.439251404999867145e-01
6.248123123123122902e+00 4.490551535554293539e-01
6.258128128128127798e+00 4.540625697664101845e-01
6.268133133133132695e+00 4.589345056455871319e-01
6.278138138138137592e+00 4.636577428696013192e-01
6.288143143143142488e+00 4.682187454962907225e-01
6.298148148148147385e+00 4.726036790456534797e-01
6.308153153153152282e+00 4.767984315688506003e-01
6.318158158158157178e+00 4.807886368302417002e-01
6.328163163163162963e+00 4.845596997274531637e-01
6.338168168168167860e+00 4.880968240737184050e-01
6.348173173173172756e+00 4.913850428651277413e-01
6.358178178178177653e+00 4.944092511528905276e-01
6.368183183183182550e+00 4.971542416372030648e-01
6.378188188188187446e+00 4.996047430947031520e-01
6.388193193193192343e+00 5.017454617457283161e-01
6.398198198198197240e+00 5.035611256605806441e-01
6.408203203203203024e+00 5.050365322956450465e-01
6.418208208208207921e+00 5.061565992404402081e-01
6.428213213213212818e+00 5.069064182453951739e-01
6.438218218218217714e+00 5.072713125872742035e-01
6.448223223223222611e+00 5.072368978146221119e-01
6.458228228228227508e+00 5.067891458992982434e-01
6.468233233233232404e+00 5.059144528020333986e-01
6.478238238238237301e+00 5.045997094399090610e-01
6.488243243243242198e+00 5.028323760216611982e-01
6.498248248248247982e+00 5.006005596926931256e-01
6.508253253253252879e+00 4.978930954056066116e-01
6.518258258258257776e+00 4.946996299038747824e-01
6.528263263263262672e+00 4.910107086759945005e-01
6.538268268268267569e+00 4.868178657050241109e-01
6.548273273273272466e+00 4.821137158038788506e-01
6.558278278278277362e+00 4.768920492901358443e-01
6.568283283283282259e+00 4.711479287154270446e-01
6.578288288288288044e+00 4.648777873238857383e-01
6.588293293293292940e+00 4.580795288716036917e-01
6.598298298298297837e+00 4.507526283948124490e-01
6.608303303303302734e+00 4.428982334686787925e-01
6.618308308308307630e+00 4.345192654513398978e-01
6.628313313313312527e+00 4.256205201593784571e-01
6.638318318318317424e+00 4.162087673715459402e-01
6.648323323323322320e+00 4.062928485075147922e-01
6.658328328328328105e+00 3.958837717780753218e-01
6.668333333333333002e+00 3.849948040528864412e-01
6.678338338338337898e+00 3.736415586420024360e-01
6.688343343343342795e+00 3.618420781384730778e-01
6.698348348348347692e+00 3.496169114217255180e-01
6.708353353353352588e+00 3.369891838758350966e-01
6.718358358358357485e+00 3.239846598337002836e-01
6.728363363363362382e+00 3.106317962181918690e-01
6.738368368368367278e+00 2.969617863152415049e-01
6.748373373373373063e+00 2.830085925822415360e-01
6.758378378378377960e+00 2.688089673688510151e-01
6.768383383383382856e+00 2.544024604070451168e-01
6.778388388388387753e+00 2.398314119139548506e-01
6.788393393393392650e+00 2.251409301454030676e-01
6.798398398398397546e+00 2.103788522410691419e-01
6.808403403403402443e+00 1.955956872147055492e-01
6.818408408408407340e+00 1.808445399657082897e-01
6.828413413413413124e+00 1.661810152225078885e-01
6.838418418418418021e+00 1.516631003745826378e-01
6.848423423423422918e+00 1.373510262092458301e-01
6.858428428428427814e+00 1.233071046426470474e-01
6.868433433433432711e+00 1.095955426223180623e-01
6.878438438438437608e+00 9.628223148196003722e-02
6.888443443443442504e+00 8.343451114861796802e-02
6.898448448448447401e+00 7.112090873849964690e-02
6.908453453453453186e+00 5.941085123100797727e-02
6.918458458458458082e+00 4.837435208138934906e-02
6.928463463463462979e+00 3.808167182099083531e-02
6.938468468468467876e+00 2.860295290060851925e-02
6.948473473473472772e+00 2.000782925658380063e-02
6.958478478478477669e+00 1.236501132099142308e-02
6.968483483483482566e+00 5.741847455889230456e-03
6.978488488488487462e+00 2.038630664584761831e-04
6.988493493493493247e+00 -4.185721062037919826e-03
6.998498498498498144e+00 -7.366489354449431981e-03
7.008503503503503040e+00 -9.281348797510545479e-03
7.018508508508507937e+00 -9.877060560423527036e-03
7.028513513513512834e+00 -9.104783055844632711e-03
7.038518518518517730e+00 -6.920623271200111726e-03
7.048523523523522627e+00 -3.286192855406419588e-03
7.058528528528527524e+00 1.830834898835100033e-03
7.068533533533532420e+00 8.456171378473924249e-03
7.078538538538538205e+00 1.660836681479412047e-02
7.088543543543543102e+00 2.629827714766103802e-02
7.098548548548547998e+00 3.752854875456913819e-02
7.108553553553552895e+00 5.029312649594460533e-02
7.118558558558557792e+00 6.457679078868783229e-02
7.128563563563562688e+00 8.035472964939399665e-02
7.138568568568567585e+00 9.759215184159344969e-02
7.148573573573572482e+00 1.162439474119912747e-01
7.158578578578578266e+00 1.362544020032409042e-01
7.168583583583583163e+00 1.575569713793688598e-01
7.178588588588588060e+00 1.800741225887749208e-01
7.188593593593592956e+00 2.037172481127877965e-01
7.198598598598597853e+00 2.283866591996894790e-01
7.208603603603602750e+00 2.539716643592854206e-01
7.218608608608607646e+00 2.803507386866013751e-01
7.228613613613612543e+00 3.073917892905054239e-01
7.238618618618618328e+00 3.349525216199001343e-01
7.248623623623623224e+00 3.628809109032865576e-01
7.258628628628628121e+00 3.910157822444122466e-01
7.268633633633633018e+00 4.191875021455450656e-01
7.278638638638637914e+00 4.472187833603190610e-01
7.288643643643642811e+00 4.749256040102817766e-01
7.298648648648647708e+00 5.021182408352420357e-01
7.308653653653652604e+00 5.286024152903642248e-01
7.318658658658658389e+00 5.541805499573738691e-01
7.328663663663663286e+00 5.786531314095249012e-01
7.338668668668668182e+00 6.018201742681412725e-01
7.348673673673673079e+00 6.234827797222015633e-01
7.358678678678677976e+00 6.434447802633659341e-01
7.368683683683682872e+00 6.615144608302767626e-01
7.378688688688687769e+00 6.775063449733367271e-01
7.388693693693692666e+00 6.912430330616332608e-01
7.398698698698697562e+00 7.025570779762402296e-01
7.408703703703703347e+00 7.112928821895871945e-01
7.418708708708708244e+00 7.173085986413416659e-01
7.428713713713713140e+00 7.204780164112966068e-01
7.438718718718718037e+00 7.206924108842889254e-01
7.448723723723722934e+00 7.178623369276742050e-01
7.458728728728727830e+00 7.119193425854891677e-01
7.468733733733732727e+00 7.028175799629619025e-01
7.478738738738737624e+00 6.905352893584234542e-01
7.488743743743743408e+00 6.750761323246480261e-01
7.498748748748748305e+00 6.564703492353801684e-01
7.508753753753753202e+00 6.347757171211753091e-01
7.518758758758758098e+00 6.100782840462414258e-01
7.528763763763762995e+00 5.824928571467401506e-01
7.538768768768767892e+00 5.521632226606890681e-01
7.548773773773772788e+00 5.192620778662830894e-01
7.558778778778777685e+00 4.839906568215301963e-01
7.568783783783783470e+00 4.465780341713304624e-01
7.578788788788788366e+00 4.072800940614093035e-01
7.588793793793793263e+00 3.663781543687301134e-01
7.598798798798798160e+00 3.241772400165294776e-01
7.608803803803803056e+00 2.810040030726212446e-01
7.618808808808807953e+00 2.372042916098772714e-01
7.628813813813812850e+00 1.931403739070343961e-01
7.638818818818817746e+00 1.491878294484076939e-01
7.648823823823823531e+00 1.057321232966047242e-01
7.658828828828828428e+00 6.316488570897403620e-02
7.668833833833833324e+00 2.187992428428280067e-02
7.678838838838838221e+00 -1.773099860828919461e-02
7.688843843843843118e+00 -5.528258492786634892e-02
7.698848848848848014e+00 -9.040057307129892306e-02
7.708853853853852911e+00 -1.227264143503752902e-01
7.718858858858857808e+00 -1.519220003639951688e-01
7.728863863863862704e+00 -1.776743833577384690e-01
7.738868868868868489e+00 -1.997004277256801408e-01
7.748873873873873386e+00 -2.177513274722127634e-01
7.758878878878878282e+00 -2.316169218181711176e-01
7.768883883883883179e+00 -2.411297393065823247e-01
7.778888888888888076e+00 -2.461686998360354262e-01
7.788893893893892972e+00 -2.466624041146105450e-01
7.798898898898897869e+00 -2.425919411671405290e-01
7.808903903903902766e+00 -2.339931468151106864e-01
7.818908908908908550e+00 -2.209582495406838265e-01
7.828913913913913447e+00 -2.036368448878706772e-01
7.838918918918918344e+00 -1.822361455708407796e-01
7.848923923923923240e+00 -1.570204617583798590e-01
7.858928928928928137e+00 -1.283098745691044207e-01
7.868933933933933034e+00 -9.647807560556498352e-02
7.878938938938937930e+00 -6.194935631281275196e-02
7.888943943943942827e+00 -2.519474297812828584e-02
7.898948948948948612e+00 1.327271382402371580e-02
7.908953953953953508e+00 5.290347273913020842e-02
7.918958958958958405e+00 9.311782105190598291e-02
7.928963963963963302e+00 1.333129281008181843e-01
7.938968968968968198e+00 1.728705656797519252e-01
7.948973973973973095e+00 2.111654133611273187e-01
7.958978978978977992e+00 2.475738519209147448e-01
7.968983983983982888e+00 2.814831338830312557e-01
7.978988988988988673e+00 3.123008069300415857e-01
7.988993993993993570e+00 3.394642538594890846e-01
7.998998998998998466e+00 3.624502022153317515e-01
8.009004004004003363e+00 3.807840480044504261e-01
8.019009009009009148e+00 3.940488313238325047e-01
8.029014014014014933e+00 4.018936975638313647e-01
8.039019019019018941e+00 4.040416763839644876e-01
8.049024024024024726e+00 4.002966121168142211e-01
8.059029029029028734e+00 3.905490838422490674e-01
8.069034034034034519e+00 3.747811612425938632e-01
8.079039039039038528e+00 3.530698536015133282e-01
8.089044044044044313e+00 3.255891239877041210e-01
8.099049049049048321e+00 2.926103587463020350e-01
8.109054054054054106e+00 2.545012038116737374e-01
8.119059059059059891e+00 2.117227038862476429e-01
8.129064064064063899e+00 1.648247079521319436e-01
8.139069069069069684e+00 1.144395345679333903e-01
8.149074074074073692e+00 6.127392254284351469e-02
8.159079079079079477e+00 6.099326385608505596e-03
8.169084084084083486e+00 -5.025934916430803423e-02
8.179089089089089271e+00 -1.069364458366682813e-01
8.189094094094095055e+00 -1.630395149174784231e-01
8.199099099099099064e+00 -2.176643476919981612e-01
8.209104104104104849e+00 -2.699108417790724301e-01
8.219109109109108857e+00 -3.188994420240253702e-01
8.229114114114114642e+00 -3.637878681345490528e-01
8.239119119119118650e+00 -4.037878189565664577e-01
8.249124124124124435e+00 -4.381813259802936344e-01
8.259129129129128444e+00 -4.663364170732386960e-01
8.269134134134134229e+00 -4.877217462240078794e-01
8.279139139139140013e+00 -5.019198468207478614e-01
8.289144144144144022e+00 -5.086386751439968545e-01
8.299149149149149807e+00 -5.077211276529046691e-01
8.309154154154153815e+00 -4.991522404635796994e-01
8.319159159159159600e+00 -4.830638121651847361e-01
8.329164164164163608e+00 -4.597362316166235807e-01
8.339169169169169393e+00 -4.295973402418857834e-01
8.349174174174173402e+00 -3.932182130206065551e-01
8.359179179179179187e+00 -3.513058030708322566e-01
8.369184184184184971e+00 -3.046924604594296593e-01
8.379189189189188980e+00 -2.543224054695443215e-01
8.389194194194194765e+00 -2.012353086398290802e-01
8.399199199199198773e+00 -1.465472029361697404e-01
8.409204204204204558e+00 -9.142902575270479837e-02
8.419209209209208566e+00 -3.708315828666142178e-02
8.429214214214214351e+00 1.528160466409656665e-02
8.439219219219220136e+00 6.447616215312568233e-02
8.449224224224224145e+00 1.093577482794767797e-01
8.459229229229229929e+00 1.488565223395146297e-01
8.469234234234233938e+00 1.820014934711425836e-01
8.479239239239239723e+00 2.079451487601938764e-01
8.489244244244243731e+00 2.259861516262332559e-01
8.499249249249249516e+00 2.355894905873821832e-01
8.509254254254253524e+00 2.364034879143694090e-01
8.519259259259259309e+00 2.282731235486302745e-01
8.529264264264265094e+00 2.112491918920888223e-01
8.539269269269269103e+00 1.855928871534905933e-01
8.549274274274274887e+00 1.517755058726497630e-01
8.559279279279278896e+00 1.104730615854005449e-01
8.569284284284284681e+00 6.255572441616374935e-02
8.579289289289288689e+00 9.072125320692278616e-03
8.589294294294294474e+00 -4.877130204442257921e-02
8.599299299299300259e+00 -1.096356324407441046e-01
8.609304304304304267e+00 -1.720789676902121923e-01
8.619309309309310052e+00 -2.345895853398727304e-01
8.629314314314314061e+00 -2.956220157300643026e-01
8.639319319319319845e+00 -3.536352335687987791e-01
8.649324324324323854e+00 -4.071320535410201669e-01
8.659329329329329639e+00 -4.546987423045210641e-01
8.669334334334333647e+00 -4.950438048369031896e-01
8.679339339339339432e+00 -5.270348744783213135e-01
8.689344344344345217e+00 -5.497326355977342205e-01
8.699349349349349225e+00 -5.624207373818586042e-01
8.709354354354355010e+00 -5.646307178327543141e-01
8.719359359359359019e+00 -5.561610488467935154e-01
8.729364364364364803e+00 -5.370895355044020825e-01
8.739369369369368812e+00 -5.077784537362298733e-01
8.749374374374374597e+00 -4.688719876763258188e-01
8.759379379379378605e+00 -4.212857276237740312e-01
8.769384384384384390e+00 -3.661882070360643615e-01
8.779389389389390175e+00 -3.049746869385085990e-01
8.789394394394394183e+00 -2.392336323688203925e-01
8.799399399399399968e+00 -1.707065611895216550e-01
8.809404404404403977e+00 -1.012421735547786028e-01
8.819409409409409761e+00 -3.274588303132303091e-02
8.829414414414413770e+00 3.287393965426782527e-02
8.839419419419419555e+00 9.376153932140394998e-02
8.849424424424425339e+00 1.481695714556594268e-01
8.859429429429429348e+00 1.945134454985040784e-01
8.869434434434435133e+00 2.314225098627536448e-01
8.879439439439439141e+00 2.577863919150529259e-01
8.889444444444444926e+00 2.727948801732348882e-01
8.899449449449448935e+00 2.759698651072542974e-01
8.909454454454454719e+00 2.671880382558910472e-01
8.919459459459458728e+00 2.466932840615138345e-01
8.929464464464464513e+00 2.150979801695080407e-01
8.939469469469470297e+00 1.733727433512763094e-01
8.949474474474474306e+00 1.228245113249113868e-01
8.959479479479480091e+00 6.506322558506710818e-02
8.969484484484484099e+00 1.957765549102000180e-03
8.979489489489489884e+00 -6.441783256749727959e-02
8.989494494494493892e+00 -1.318464708845931144e-01
8.999499499499499677e+00 -1.980366586244735050e-01
9.009504504504503686e+00 -2.606957170815008551e-01
9.019509509509509471e+00 -3.176052410565453066e-01
9.029514514514515255e+00 -3.666963610085317571e-01
9.039519519519519264e+00 -4.061222503831140029e-01
9.049524524524525049e+00 -4.343253068129380723e-01
9.059529529529529057e+00 -4.500965094226544450e-01
9.069534534534534842e+00 -4.526246196859238236e-01
9.079539539539538850e+00 -4.415331493531497453e-01
9.089544544544544635e+00 -4.169033617037778416e-01
9.099549549549550420e+00 -3.792819941311693088e-01
9.109554554554554429e+00 -3.296728798016815842e-01
9.119559559559560213e+00 -2.695121895939342482e-01
9.129564564564564222e+00 -2.006275955872083294e-01
9.139569569569570007e+00 -1.251822544727190789e-01
9.149574574574574015e+00 -4.560510201873153868e-02
9.159579579579579800e+00 3.549048439572564939e-02
9.169584584584583808e+00 1.153970820075996551e-01
9.179589589589589593e+00 1.914096603819120113e-01
9.189594594594595378e+00 2.609246921530163354e-01
9.199599599599599387e+00 3.215383285926828316e-01
9.209604604604605171e+00 3.711399187416515311e-01
9.219609609609609180e+00 4.079971756431461927e-01
9.229614614614614965e+00 4.308294622646997585e-01
9.239619619619618973e+00 4.388659840083186103e-01
9.249624624624624758e+00 4.318861295583841242e-01
9.259629629629630543e+00 4.102397865337619187e-01
9.269634634634634551e+00 3.748461564493442699e-01
9.279639639639640336e+00 3.271703827242675722e-01
9.289644644644644345e+00 2.691781587492042549e-01
9.299649649649650129e+00 2.032693689753891642e-01
9.309654654654654138e+00 1.321927000735844682e-01
9.319659659659659923e+00 5.894400496478915952e-02
9.329664664664663931e+00 -1.334802702127381446e-02
9.339669669669669716e+00 -8.154468138786689912e-02
9.349674674674675501e+00 -1.426237839600226764e-01
9.359679679679679509e+00 -1.938049523922492079e-01
9.369684684684685294e+00 -2.326683213085196100e-01
9.379689689689689303e+00 -2.572615976339104327e-01
9.389694694694695087e+00 -2.661905926322696292e-01
9.399699699699699096e+00 -2.586888868880094505e-01
9.409704704704704881e+00 -2.346630030648209353e-01
9.419709709709708889e+00 -1.947103680617559007e-01
9.429714714714714674e+00 -1.401084110308435104e-01
9.439719719719720459e+00 -7.277432778556221227e-02
9.449724724724724467e+00 4.803700902657248584e-03
9.459729729729730252e+00 8.966177191767747690e-02
9.469734734734734261e+00 1.784786956765091470e-01
9.479739739739740045e+00 2.677131479527673497e-01
9.489744744744744054e+00 3.537540798811141807e-01
9.499749749749749839e+00 4.330781299085967317e-01
9.509754754754755623e+00 5.024072313153197245e-01
9.519759759759759632e+00 5.588593445246615721e-01
9.529764764764765417e+00 6.000852909347207387e-01
9.539769769769769425e+00 6.243850374589329233e-01
9.549774774774775210e+00 6.307974768400600452e-01
9.559779779779779219e+00 6.191587512222860301e-01
9.569784784784785003e+00 5.901254430974807175e-01
9.579789789789789012e+00 5.451604614243913405e-01
9.589794794794794797e+00 4.864811208732802150e-01
9.599799799799800581e+00 4.169706769201345087e-01
9.609804804804804590e+00 3.400563586225263668e-01
9.619809809809810375e+00 2.595586490923963985e-01
9.629814814814814383e+00 1.795181146103634329e-01
9.639819819819820168e+00 1.040073938260709235e-01
9.649824824824824177e+00 3.693695286996002969e-02
9.659829829829829961e+00 -1.813617351786685206e-02
9.669834834834833970e+00 -5.818724891850120262e-02
9.679839839839839755e+00 -8.088117634710455250e-02
9.689844844844845539e+00 -8.469991741504503957e-02
9.699849849849849548e+00 -6.903278149087803406e-02
9.709854854854855333e+00 -3.422397611420832653e-02
9.719859859859859341e+00 1.842624176163720762e-02
9.729864864864865126e+00 8.670826017884988857e-02
9.739869869869869135e+00 1.675967205967567875e-01
9.749874874874874919e+00 2.573876816015636670e-01
9.759879879879880704e+00 3.518736268223408570e-01
9.769884884884884713e+00 4.465484544569869318e-01
9.779889889889890497e+00 5.368327571057553982e-01
9.789894894894894506e+00 6.183083057851451736e-01
9.799899899899900291e+00 6.869497846550740583e-01
9.809904904904904299e+00 7.393415532395541945e-01
9.819909909909910084e+00 7.728675822527298900e-01
9.829914914914914092e+00 7.858637265805203942e-01
9.839919919919919877e+00 7.777231387735336066e-01
9.849924924924925662e+00 7.489478275518359762e-01
9.859929929929929671e+00 7.011420334179657710e-01
9.869934934934935455e+00 6.369461021631950270e-01
9.879939939939939464e+00 5.599127363252602851e-01
9.889944944944945249e+00 4.743307259054460046e-01
9.899949949949949257e+00 3.850043246798482421e-01
9.909954954954955042e+00 2.969991690072423252e-01
9.919959959959960827e+00 2.153678640112447473e-01
9.929964964964964835e+00 1.448699395124594391e-01
9.939969969969970620e+00 8.970168707050391044e-02
9.949974974974974629e+00 5.325135018992747937e-02
9.959979979979980413e+00 3.789421732880668414e-02
9.969984984984984422e+00 4.484037640976711037e-02
9.979989989989990207e+00 7.404529585824684568e-02
9.989994994994994215e+00 1.241901166578035787e-01
1.000000000000000000e+01 1.927347343111683597e-01
