5.000000000000000104e-03 1.905199256480948122e+00
1.000000000000000021e-02 8.774275583180378701e-01
1.499999999999999944e-02 -3.836074708174393999e-01
2.000000000000000042e-02 -1.411492128201984109e+00
2.500000000000000139e-02 -1.870612720109442240e+00
3.000000000000000236e-02 -1.682149761208653782e+00
3.499999999999999639e-02 -1.024696043780255916e+00
4.000000000000000083e-02 -2.198046360021338463e-01
4.499999999999999833e-02 4.313919952364524413e-01
4.999999999999999584e-02 7.753288904374102675e-01
5.500000000000000028e-02 8.378464736730191209e-01
5.999999999999999778e-02 7.570115770894394469e-01
6.500000000000000222e-02 6.669378818504796413e-01
7.000000000000000666e-02 6.056774596275901201e-01
7.500000000000001110e-02 5.011918358156286502e-01
8.000000000000000167e-02 2.402459724186850054e-01
8.500000000000000611e-02 -2.257080864727856184e-01
9.000000000000001055e-02 -8.069649515450179056e-01
9.500000000000000111e-02 -1.286173128962694312e+00
1.000000000000000056e-01 -1.416311896062463216e+00
1.050000000000000100e-01 -1.056717229827796700e+00
1.100000000000000006e-01 -2.714153337776726294e-01
1.150000000000000050e-01 6.704196083688884755e-01
1.200000000000000094e-01 1.401754973331386100e+00
1.250000000000000000e-01 1.624264068711928077e+00
1.300000000000000044e-01 1.251151891504514335e+00
1.350000000000000089e-01 4.520662392840892885e-01
1.400000000000000133e-01 -4.254486870916974750e-01
1.450000000000000178e-01 -1.020232258246837276e+00
1.499999999999999944e-01 -1.125328890437409690e+00
1.549999999999999989e-01 -7.752736271285473046e-01
1.600000000000000033e-01 -2.107353693730896760e-01
1.650000000000000078e-01 2.578268389229594337e-01
1.700000000000000122e-01 4.139783519048763072e-01
1.750000000000000167e-01 2.404489506842426572e-01
1.800000000000000211e-01 -8.757612724515900782e-02
1.849999999999999978e-01 -3.135681175841787960e-01
1.900000000000000022e-01 -2.520341482039087366e-01
1.950000000000000067e-01 1.020293599140399965e-01
2.000000000000000111e-01 5.663118960624624609e-01
2.050000000000000155e-01 8.702656569085247540e-01
2.100000000000000200e-01 8.056580265840420640e-01
2.149999999999999967e-01 3.463247455296571409e-01
2.200000000000000011e-01 -3.283428869278958717e-01
2.250000000000000056e-01 -9.195562038142879313e-01
2.300000000000000100e-01 -1.159291851605418033e+00
2.350000000000000144e-01 -9.447479206343547542e-01
2.400000000000000189e-01 -3.864330812474876531e-01
2.449999999999999956e-01 2.538731166221812052e-01
2.500000000000000000e-01 6.999999999999984013e-01
2.550000000000000044e-01 7.986617163096375593e-01
2.600000000000000089e-01 5.843873120024510870e-01
2.650000000000000133e-01 2.404780880798079168e-01
2.700000000000000178e-01 -1.802403205123431773e-02
2.750000000000000222e-01 -7.102806639043274251e-02
2.800000000000000266e-01 4.247750632203894927e-02
2.850000000000000311e-01 1.586033874813774780e-01
2.900000000000000355e-01 1.003157238330740775e-01
2.949999999999999845e-01 -1.989421721175151092e-01
2.999999999999999889e-01 -6.336881039375357183e-01
3.049999999999999933e-01 -9.671784691119992283e-01
3.099999999999999978e-01 -9.573764509548767787e-01
3.150000000000000022e-01 -5.012894756324587364e-01
3.200000000000000067e-01 2.832442660047803651e-01
3.250000000000000111e-01 1.088977088108100455e+00
3.300000000000000155e-01 1.555246171459058413e+00
3.350000000000000200e-01 1.443052847637123159e+00
3.400000000000000244e-01 7.600850238768468436e-01
3.450000000000000289e-01 -2.304850274410918387e-01
3.500000000000000333e-01 -1.125328890437414353e+00
3.550000000000000377e-01 -1.565020857934294574e+00
3.599999999999999867e-01 -1.396269080341632218e+00
3.649999999999999911e-01 -7.331597694300767687e-01
3.699999999999999956e-01 1.098840719503250685e-01
3.750000000000000000e-01 7.757359312880666158e-01
3.800000000000000044e-01 1.030934580081446228e+00
3.850000000000000089e-01 8.581409664171666396e-01
3.900000000000000133e-01 4.339269689732989099e-01
3.950000000000000178e-01 1.249059919824335729e-02
4.000000000000000222e-01 -2.163118960624627607e-01
4.050000000000000266e-01 -2.169652999366523116e-01
4.100000000000000311e-01 -1.016226487940460332e-01
4.150000000000000355e-01 -3.798672842450590004e-02
4.200000000000000400e-01 -1.305744208312532573e-01
4.249999999999999889e-01 -3.473363016082215426e-01
4.299999999999999933e-01 -5.355903599265940951e-01
4.349999999999999978e-01 -5.182881268636845284e-01
4.400000000000000022e-01 -2.138088161604991266e-01
4.450000000000000067e-01 2.930578739855599912e-01
4.500000000000000111e-01 7.753288904374071588e-01
4.550000000000000155e-01 9.761805949239042990e-01
4.600000000000000200e-01 7.510157572477996757e-01
4.650000000000000244e-01 1.605299649339091417e-01
4.700000000000000289e-01 -5.408819416544758951e-01
4.750000000000000333e-01 -1.022084582685585108e+00
4.800000000000000377e-01 -1.040671734952043792e+00
4.849999999999999867e-01 -5.713288288657171199e-01
4.899999999999999911e-01 1.720852555670631390e-01
4.949999999999999956e-01 8.359914274549091751e-01
5.000000000000000000e-01 1.100000000000000089e+00
5.050000000000000044e-01 1.294296549388551210e+00
5.100000000000000089e-01 1.004438571940411862e+00
5.150000000000000133e-01 6.038365913797782980e-01
5.200000000000000178e-01 1.896353509470825038e-01
5.250000000000000222e-01 -1.467556922481756398e-01
5.300000000000000266e-01 -3.469245019151509513e-01
5.350000000000000311e-01 -4.019301061371117201e-01
5.400000000000000355e-01 -3.527717471073094635e-01
5.450000000000000400e-01 -2.746580708554829942e-01
5.500000000000000444e-01 -2.499999999999986677e-01
5.550000000000000488e-01 -3.386731078071349432e-01
5.600000000000000533e-01 -5.550799773531982506e-01
5.650000000000000577e-01 -8.595592880563884819e-01
5.700000000000000622e-01 -1.167321341719298688e+00
5.750000000000000666e-01 -1.372665192045644300e+00
5.800000000000000711e-01 -1.381413086610647323e+00
5.849999999999999645e-01 -1.141774232779630083e+00
5.899999999999999689e-01 -6.640827198650781638e-01
5.949999999999999734e-01 -2.300786019734060717e-02
5.999999999999999778e-01 6.590169943749442094e-01
6.049999999999999822e-01 1.242797685097372096e+00
6.099999999999999867e-01 1.609092389218795383e+00
6.149999999999999911e-01 1.690494282790513392e+00
6.199999999999999956e-01 1.489239702015096922e+00
6.250000000000000000e-01 1.075735931288073211e+00
6.300000000000000044e-01 5.681891938839760403e-01
6.350000000000000089e-01 9.919354694326987243e-02
6.400000000000000133e-01 -2.211036600961426846e-01
6.450000000000000178e-01 -3.347137720351662238e-01
6.500000000000000222e-01 -2.500000000000002220e-01
6.550000000000000266e-01 -3.652758770176732506e-02
6.600000000000000311e-01 1.976249528058203753e-01
6.650000000000000355e-01 3.392653432820090242e-01
6.700000000000000400e-01 3.044075056796656797e-01
6.750000000000000444e-01 6.364819767069213041e-02
6.800000000000000488e-01 -3.484867157879150690e-01
6.850000000000000533e-01 -8.425606368251595812e-01
6.900000000000000577e-01 -1.298647612147576957e+00
6.950000000000000622e-01 -1.598909450904703489e+00
7.000000000000000666e-01 -1.659016994374945764e+00
7.050000000000000711e-01 -1.449780837896911478e+00
7.099999999999999645e-01 -1.003471780522048107e+00
7.149999999999999689e-01 -4.038566835896587048e-01
7.199999999999999734e-01 2.364349460613477949e-01
7.249999999999999778e-01 8.043008240469751158e-01
7.299999999999999822e-01 1.212283053847893255e+00
7.349999999999999867e-01 1.415643508325301170e+00
7.399999999999999911e-01 1.416740628375801503e+00
7.449999999999999956e-01 1.256966838243291029e+00
7.500000000000000000e-01 1.000000000000009104e+00
7.550000000000000044e-01 7.121782385558305117e-01
7.600000000000000089e-01 4.459202351258637620e-01
7.650000000000000133e-01 2.304174996111325313e-01
7.700000000000000178e-01 7.101523429371020546e-02
7.750000000000000222e-01 -4.422731337688029507e-02
7.800000000000000266e-01 -1.343854471885742030e-01
7.850000000000000311e-01 -2.161353255413697716e-01
7.900000000000000355e-01 -2.981294777710735144e-01
7.950000000000000400e-01 -3.805730088708680903e-01
8.000000000000000444e-01 -4.590169943749468628e-01
8.050000000000000488e-01 -5.297016218786573249e-01
8.100000000000000533e-01 -5.933053093966117464e-01
8.150000000000000577e-01 -6.548392787768814172e-01
8.200000000000000622e-01 -7.193071090378546639e-01
8.250000000000000666e-01 -7.848799397531671662e-01
8.300000000000000711e-01 -8.368603138745194236e-01
8.350000000000000755e-01 -5.272486705578089961e-01
8.399999999999999689e-01 -3.083071974999964104e-01
8.449999999999999734e-01 -8.525883673199513568e-02
8.499999999999999778e-01 1.545084971874692847e-01
8.549999999999999822e-01 4.229644734348224078e-01
8.599999999999999867e-01 7.183214733891329917e-01
8.649999999999999911e-01 1.016506158167936658e+00
8.699999999999999956e-01 1.271303673416226854e+00
8.750000000000000000e-01 1.424264068711934561e+00
8.800000000000000044e-01 1.421906755243101284e+00
8.850000000000000089e-01 1.234859527252742062e+00
8.900000000000000133e-01 8.723548267031715486e-01
8.950000000000000178e-01 3.864795018538705884e-01
9.000000000000000222e-01 -1.364745084375786344e-01
9.050000000000000266e-01 -5.961583385661363144e-01
9.100000000000000311e-01 -9.045367796719188114e-01
9.150000000000000355e-01 -1.010783595953560265e+00
9.200000000000000400e-01 -9.169020360678518111e-01
9.250000000000000444e-01 -6.786455518092527894e-01
9.300000000000000488e-01 -3.905378358758157531e-01
9.350000000000000533e-01 -1.586248599065345488e-01
9.400000000000000577e-01 -6.855116466757615878e-02
9.450000000000000622e-01 -1.583688218303855311e-01
9.500000000000000666e-01 -4.045084971874713942e-01
9.550000000000000711e-01 -7.257560132500795458e-01
9.600000000000000755e-01 -1.004880145482903497e+00
9.649999999999999689e-01 -1.122267871907154380e+00
9.699999999999999734e-01 -9.921349708120962285e-01
9.749999999999999778e-01 -5.907753324845677056e-01
9.799999999999999822e-01 3.170460347967418713e-02
9.849999999999999867e-01 7.601626896633850716e-01
9.899999999999999911e-01 1.441867477201874026e+00
9.949999999999999956e-01 1.925351038392656200e+00
1.000000000000000000e+00 2.100000000000000089e+00
1.004999999999999893e+00 1.390747123879646274e+00
1.010000000000000009e+00 1.089196325826403910e+00
1.014999999999999902e+00 6.663020106392724129e-01
1.020000000000000018e+00 2.171148001046534493e-01
1.024999999999999911e+00 -1.665112637726180456e-01
1.029999999999999805e+00 -4.215010610349954612e-01
1.034999999999999920e+00 -5.296548675500700742e-01
1.039999999999999813e+00 -5.194699488579376245e-01
1.044999999999999929e+00 -4.533617134063520071e-01
1.049999999999999822e+00 -4.045084971874769453e-01
1.054999999999999938e+00 -4.307631216741147906e-01
1.059999999999999831e+00 -5.539613612925375907e-01
1.064999999999999947e+00 -7.512378642636147186e-01
1.069999999999999840e+00 -9.611717456528968695e-01
1.074999999999999956e+00 -1.102909620521179690e+00
1.079999999999999849e+00 -1.102312232692818528e+00
1.084999999999999964e+00 -9.169229169294227377e-01
1.089999999999999858e+00 -5.518656282964458093e-01
1.094999999999999973e+00 -6.155442405312069876e-02
1.099999999999999867e+00 4.635254915623998606e-01
1.104999999999999982e+00 9.210834163668843999e-01
1.109999999999999876e+00 1.225025978078645439e+00
1.114999999999999991e+00 1.328720206276876148e+00
1.119999999999999885e+00 1.236496558618138009e+00
1.125000000000000000e+00 1.000000000000005107e+00
1.129999999999999893e+00 7.006697636391396866e-01
1.135000000000000009e+00 4.238931538108582919e-01
1.139999999999999902e+00 2.329112767641765003e-01
1.145000000000000018e+00 1.505701735910998651e-01
1.149999999999999911e+00 1.545084971874785273e-01
1.155000000000000027e+00 1.871354631117404244e-01
1.159999999999999920e+00 1.771029991249834512e-01
1.164999999999999813e+00 6.536433379928069387e-02
1.169999999999999929e+00 -1.725357468045564668e-01
1.174999999999999822e+00 -5.151243682286910097e-01
1.179999999999999938e+00 -8.983812261235900598e-01
1.184999999999999831e+00 -1.232991538365318718e+00
1.189999999999999947e+00 -1.430268041336409057e+00
1.194999999999999840e+00 -1.428789850102391235e+00
1.199999999999999956e+00 -1.213525491562424063e+00
1.204999999999999849e+00 -8.214862660910525749e-01
1.209999999999999964e+00 -3.320886342722173534e-01
1.214999999999999858e+00 1.548922383786012769e-01
1.219999999999999973e+00 5.470821000936274547e-01
1.224999999999999867e+00 7.845452525225201645e-01
1.229999999999999982e+00 8.545387898533396420e-01
1.234999999999999876e+00 7.916352442035755610e-01
1.239999999999999991e+00 6.634170342613286975e-01
1.244999999999999885e+00 5.464191983776297556e-01
1.250000000000000000e+00 5.000000000000000000e-01
1.254999999999999893e+00 5.464191983776183204e-01
1.260000000000000009e+00 6.634170342613292526e-01
1.264999999999999902e+00 7.916352442035536896e-01
1.270000000000000018e+00 8.545387898533420845e-01
1.274999999999999911e+00 7.845452525225289353e-01
1.280000000000000027e+00 5.470821000936257894e-01
1.284999999999999920e+00 1.548922383786421886e-01
1.289999999999999813e+00 -3.320886342721841578e-01
1.294999999999999929e+00 -8.214862660910151604e-01
1.299999999999999822e+00 -1.213525491562403413e+00
1.304999999999999938e+00 -1.428789850102384795e+00
1.309999999999999831e+00 -1.430268041336415275e+00
1.314999999999999947e+00 -1.232991538365335149e+00
1.319999999999999840e+00 -8.983812261236105989e-01
1.324999999999999956e+00 -5.151243682287153236e-01
1.329999999999999849e+00 -1.725357468045772280e-01
1.334999999999999964e+00 6.536433379927281129e-02
1.339999999999999858e+00 1.771029991249757352e-01
1.344999999999999973e+00 1.871354631117374545e-01
1.349999999999999867e+00 1.545084971874824686e-01
1.354999999999999982e+00 1.505701735910969785e-01
1.359999999999999876e+00 2.329112767641702830e-01
1.364999999999999991e+00 4.238931538108516861e-01
1.369999999999999885e+00 7.006697636391212569e-01
1.375000000000000000e+00 1.000000000000003109e+00
1.379999999999999893e+00 1.236496558618123132e+00
1.385000000000000009e+00 1.328720206276874150e+00
1.389999999999999902e+00 1.225025978078661426e+00
1.395000000000000018e+00 9.210834163668899510e-01
1.399999999999999911e+00 4.635254915624335004e-01
1.405000000000000027e+00 -6.155442405311391252e-02
1.409999999999999920e+00 -5.518656282964181647e-01
1.414999999999999813e+00 -9.169229169294088599e-01
1.419999999999999929e+00 -1.102312232692812533e+00
1.424999999999999822e+00 -1.102909620521185685e+00
1.429999999999999938e+00 -9.611717456529130788e-01
1.434999999999999831e+00 -7.512378642636264869e-01
1.439999999999999947e+00 -5.539613612925503583e-01
1.444999999999999840e+00 -4.307631216741207858e-01
1.449999999999999956e+00 -4.045084971874703950e-01
1.454999999999999849e+00 -4.533617134063462339e-01
1.459999999999999964e+00 -5.194699488579320734e-01
1.464999999999999858e+00 -5.296548675500700742e-01
1.469999999999999973e+00 -4.215010610350087839e-01
1.474999999999999867e+00 -1.665112637726412492e-01
1.479999999999999982e+00 2.171148001046483422e-01
1.484999999999999876e+00 6.663020106392432140e-01
1.489999999999999991e+00 1.089196325826393474e+00
1.494999999999999885e+00 1.390747123879630953e+00
1.500000000000000000e+00 1.500000000000000000e+00
1.504999999999999893e+00 4.221639627510111459e-01
1.510000000000000009e+00 2.128896457825422417e-01
1.514999999999999902e+00 -6.266661678214581477e-02
1.520000000000000018e+00 -3.187119948743400988e-01
1.524999999999999911e+00 -4.755282581475749337e-01
1.530000000000000027e+00 -4.842915805643170368e-01
1.534999999999999920e+00 -3.422735529643484709e-01
1.540000000000000036e+00 -9.369065729286774058e-02
1.544999999999999929e+00 1.840622763423339914e-01
1.549999999999999822e+00 4.045084971874622903e-01
1.554999999999999938e+00 4.990133642141354464e-01
1.559999999999999831e+00 4.381533400219410068e-01
1.564999999999999947e+00 2.408768370508617418e-01
1.569999999999999840e+00 -3.139525976463798662e-02
1.574999999999999956e+00 -2.938926261462330158e-01
1.579999999999999849e+00 -4.648882429441189013e-01
1.584999999999999964e+00 -4.911436253643450822e-01
1.589999999999999858e+00 -3.644843137107181552e-01
1.594999999999999973e+00 -1.243449435824309779e-01
1.599999999999999867e+00 1.545084971874568502e-01
1.604999999999999982e+00 3.852566213878924617e-01
1.609999999999999876e+00 4.960573506572367175e-01
1.614999999999999991e+00 4.524135262330110652e-01
1.619999999999999885e+00 2.679133974895127057e-01
1.625000000000000000e+00 2.693913467805882979e-15
1.629999999999999893e+00 -2.679133974894961634e-01
1.635000000000000009e+00 -4.524135262330087337e-01
1.639999999999999902e+00 -4.960573506572392155e-01
1.645000000000000018e+00 -3.852566213878959034e-01
1.649999999999999911e+00 -1.545084971874754742e-01
1.655000000000000027e+00 1.243449435824257598e-01
1.659999999999999920e+00 3.644843137107047215e-01
1.665000000000000036e+00 4.911436253643440830e-01
1.669999999999999929e+00 3.711975856512549909e-01
1.674999999999999822e+00 4.484011233337127367e-01
1.679999999999999938e+00 3.958795734753552398e-01
1.684999999999999831e+00 2.434147435134676740e-01
1.689999999999999947e+00 4.613824054238413463e-02
1.694999999999999840e+00 -1.345290505034199557e-01
1.699999999999999956e+00 -2.499999999999969469e-01
1.704999999999999849e+00 -2.777529336352098643e-01
1.709999999999999964e+00 -2.250213375814776318e-01
1.714999999999999858e+00 -1.226146899797886936e-01
1.719999999999999973e+00 -1.176577009292434361e-02
1.724999999999999867e+00 7.101976096010109707e-02
1.729999999999999982e+00 1.058223490918100140e-01
1.734999999999999876e+00 9.406187654680861487e-02
1.739999999999999991e+00 5.502375170696047202e-02
1.744999999999999885e+00 1.598937727092336614e-02
1.750000000000000000e+00 0.000000000000000000e+00
1.754999999999999893e+00 1.598937727091986893e-02
1.760000000000000009e+00 5.502375170696890971e-02
1.764999999999999902e+00 9.406187654680438215e-02
1.770000000000000018e+00 1.058223490918184517e-01
1.774999999999999911e+00 7.101976096010559347e-02
1.780000000000000027e+00 -1.176577009292428810e-02
1.784999999999999920e+00 -1.226146899797778689e-01
1.790000000000000036e+00 -2.250213375814857919e-01
1.794999999999999929e+00 -2.777529336351928779e-01
1.799999999999999822e+00 -2.500000000000103806e-01
1.804999999999999938e+00 -1.345290505034327233e-01
1.809999999999999831e+00 4.613824054237702921e-02
1.814999999999999947e+00 2.434147435134505766e-01
1.819999999999999840e+00 3.958795734753584039e-01
1.824999999999999956e+00 4.484011233337121816e-01
1.829999999999999849e+00 3.711975856512715888e-01
1.834999999999999964e+00 1.724316304900008201e-01
1.839999999999999858e+00 -1.004039292334077405e-01
1.844999999999999973e+00 -3.717124070748025755e-01
1.849999999999999867e+00 -5.590169943749405679e-01
1.854999999999999982e+00 -5.981462671704296241e-01
1.859999999999999876e+00 -4.646620908925875870e-01
1.864999999999999991e+00 -1.845001287435219517e-01
1.869999999999999885e+00 1.702399425324215843e-01
1.875000000000000000e+00 4.999999999999914513e-01
1.879999999999999893e+00 7.060667375114288991e-01
1.885000000000000009e+00 7.203269237225040644e-01
1.889999999999999902e+00 5.274526104219117162e-01
1.895000000000000018e+00 1.723669756053654301e-01
1.899999999999999911e+00 -2.499999999999904243e-01
1.905000000000000027e+00 -6.204022942396583140e-01
1.909999999999999920e+00 -8.293725566548287853e-01
1.915000000000000036e+00 -8.098556202386939518e-01
1.919999999999999929e+00 -5.585789002369998535e-01
1.924999999999999822e+00 -1.393841289587902932e-01
1.929999999999999938e+00 3.330890539460339417e-01
1.934999999999999831e+00 7.251684176151516059e-01
1.939999999999999947e+00 9.224449205862444989e-01
1.944999999999999840e+00 8.634976779248533241e-01
1.949999999999999956e+00 5.590169943749545567e-01
1.954999999999999849e+00 9.037161904948733115e-02
1.959999999999999964e+00 -4.124026521671964041e-01
1.964999999999999858e+00 -8.071617959084629312e-01
1.969999999999999973e+00 -9.803489312215543094e-01
1.974999999999999867e+00 -8.800367553350585403e-01
1.979999999999999982e+00 -5.316016406568834229e-01
1.984999999999999876e+00 -3.127135701751410785e-02
1.989999999999999991e+00 4.808030432720294955e-01
1.994999999999999885e+00 8.603173027729288380e-01
2.000000000000000000e+00 1.000000000000000000e+00
2.004999999999999893e+00 1.394921217285975956e+00
2.009999999999999787e+00 8.334741946475675567e-01
2.015000000000000124e+00 6.258932200665326406e-02
2.020000000000000018e+00 -7.170118372818317098e-01
2.024999999999999911e+00 -1.304300824046958907e+00
2.029999999999999805e+00 -1.550982840998640366e+00
2.035000000000000142e+00 -1.399774800265555896e+00
2.040000000000000036e+00 -8.978128487921896994e-01
2.044999999999999929e+00 -1.820226807942668390e-01
2.049999999999999822e+00 5.590169943748974912e-01
2.054999999999999716e+00 1.135891977768525019e+00
2.060000000000000053e+00 1.407855117211208817e+00
2.064999999999999947e+00 1.317781421972256561e+00
2.069999999999999840e+00 9.037229637231691814e-01
2.074999999999999734e+00 2.848799397532087441e-01
2.080000000000000071e+00 -3.731687036120161505e-01
2.084999999999999964e+00 -9.037162992628124947e-01
2.089999999999999858e+00 -1.182043708030298568e+00
2.094999999999999751e+00 -1.155006208752694663e+00
2.100000000000000089e+00 -8.500000000000033085e-01
2.104999999999999982e+00 -3.622369389076723345e-01
2.109999999999999876e+00 1.747814590463862006e-01
2.114999999999999769e+00 6.264662446983253474e-01
2.120000000000000107e+00 8.914769341363926181e-01
2.125000000000000000e+00 9.242640687119145770e-01
2.129999999999999893e+00 7.408738523095392825e-01
2.134999999999999787e+00 4.081128756135930513e-01
2.140000000000000124e+00 2.074810573238916600e-02
2.145000000000000018e+00 -3.257519673266877636e-01
2.149999999999999911e+00 -5.590169943749329073e-01
2.154999999999999805e+00 -6.441067069185331118e-01
2.160000000000000142e+00 -5.858141258583773325e-01
2.165000000000000036e+00 -4.201813738670883147e-01
2.169999999999999929e+00 -1.994363241258395592e-01
2.174999999999999822e+00 2.413705462176019001e-02
2.180000000000000160e+00 2.104693768503867468e-01
2.185000000000000053e+00 3.372754225375769188e-01
2.189999999999999947e+00 3.988093919178640201e-01
2.194999999999999840e+00 4.000748640095909137e-01
2.199999999999999734e+00 3.500000000000022538e-01
2.205000000000000071e+00 2.568509808778325909e-01
2.209999999999999964e+00 1.276498137940140498e-01
2.214999999999999858e+00 -2.875401095563107079e-02
2.219999999999999751e+00 -1.971759667178724085e-01
2.225000000000000089e+00 -3.532443077518209185e-01
2.229999999999999982e+00 -4.648115606852687431e-01
2.234999999999999876e+00 -4.985511278102817134e-01
2.239999999999999769e+00 -4.303864449180102025e-01
2.245000000000000107e+00 -2.564049225728216586e-01
2.250000000000000000e+00 -1.026956297778269800e-14
2.254999999999999893e+00 2.883836771146306432e-01
2.259999999999999787e+00 5.404339483319202664e-01
2.265000000000000124e+00 6.866748809038747403e-01
2.270000000000000018e+00 6.764562588689089218e-01
2.274999999999999911e+00 4.952838296720461497e-01
2.279999999999999805e+00 1.736444265320741254e-01
2.285000000000000142e+00 -2.164753690039099010e-01
2.290000000000000036e+00 -5.776924889569470256e-01
2.294999999999999929e+00 -8.123568481482050796e-01
2.299999999999999822e+00 -8.500000000000127454e-01
2.305000000000000160e+00 -6.691329650164509202e-01
2.310000000000000053e+00 -3.065329108331126817e-01
2.314999999999999947e+00 1.495540644892952020e-01
2.319999999999999840e+00 5.812897701003008066e-01
2.324999999999999734e+00 8.726651920456259814e-01
2.330000000000000071e+00 9.418314954283457663e-01
2.334999999999999964e+00 7.650446348470858471e-01
2.339999999999999858e+00 3.850062673915736755e-01
2.344999999999999751e+00 -9.931810723104707306e-02
2.350000000000000089e+00 -5.590169943749309089e-01
2.354999999999999982e+00 -8.705405670141389551e-01
2.359999999999999876e+00 -9.500722875175466875e-01
2.364999999999999769e+00 -7.771131331006118081e-01
2.370000000000000107e+00 -4.003939672446639730e-01
2.375000000000000000e+00 7.573593128805304608e-02
2.379999999999999893e+00 5.206565408864356481e-01
2.384999999999999787e+00 8.141876027466339316e-01
2.390000000000000124e+00 8.801237617973820537e-01
2.395000000000000018e+00 7.069708901183804350e-01
2.399999999999999911e+00 3.500000000000077494e-01
2.404999999999999805e+00 -8.579837972662290868e-02
2.410000000000000142e+00 -4.767014052793331347e-01
2.415000000000000036e+00 -7.159949412145351078e-01
2.419999999999999929e+00 -7.439890968619531364e-01
2.424999999999999822e+00 -5.636481976706870789e-01
2.430000000000000160e+00 -2.375448558310452873e-01
2.435000000000000053e+00 1.325554132580843703e-01
2.439999999999999947e+00 4.370347239612618617e-01
2.444999999999999840e+00 5.911033780811072447e-01
2.449999999999999734e+00 5.590169943749523362e-01
2.455000000000000071e+00 3.627659188932059742e-01
2.459999999999999964e+00 7.300754445775842205e-02
2.464999999999999858e+00 -2.145487915513866195e-01
2.469999999999999751e+00 -4.097150214444479355e-01
2.475000000000000089e+00 -4.557726866231195939e-01
2.479999999999999982e+00 -3.461914440319007191e-01
2.484999999999999876e+00 -1.251320360416263155e-01
2.489999999999999769e+00 1.281318918965387577e-01
2.495000000000000107e+00 3.257133882599219654e-01
2.500000000000000000e+00 4.000000000000000222e-01
